2.341075 1.674042 1.364188 1.028994 0.690885 0.819526 0.466278 0.465298 0.257017 0.342031 0.228487 0.099210 
2.399953 1.791281 1.612757 1.431813 1.209538 1.044274 0.828263 0.531357 0.034622 0.256569 0.186835 0.084705 
2.353911 1.710566 1.370244 0.999067 0.562602 0.498819 0.653373 0.789208 0.786588 0.663286 0.367174 0.079894 
2.423711 1.793926 1.549140 1.414872 1.336106 1.150864 0.990709 0.744677 0.910841 0.387242 0.191359 0.077202 
2.421421 1.856936 1.652611 1.533892 1.368630 0.631448 0.978694 0.745334 0.558912 0.390002 0.216593 0.082441 
1.494725 1.549417 2.209535 0.904956 1.703343 0.884347 1.311517 0.919286 0.306152 0.311412 0.441998 0.046506 
1.759552 1.304815 2.014907 1.701356 1.114580 0.578052 1.779911 0.979588 0.072434 0.387668 0.329680 0.069856 
1.442715 1.330627 2.215950 1.327913 1.897481 0.401414 1.046017 1.558469 0.122932 0.264599 0.329238 0.072370 
2.431990 1.838545 1.608216 1.512507 1.343581 1.124708 0.930267 0.292111 0.543588 0.398915 0.217064 0.079886 
2.178489 1.417017 1.225224 1.417749 1.865084 1.535361 1.203598 0.318378 0.329600 0.393409 0.302463 0.087520 
2.404015 1.793685 1.633123 1.511118 1.404663 1.203440 0.994444 0.791795 0.212540 0.420117 0.229968 0.080583 
2.398093 1.774170 1.591274 1.458090 1.257108 1.177368 1.390681 0.714094 0.520521 0.351269 0.199189 0.079819 
2.432263 1.830942 1.614039 1.513255 1.378143 1.146935 0.479125 0.761857 0.593220 0.383033 0.216621 0.079008 
2.398800 1.799839 1.628553 1.440483 1.315512 1.093158 0.966985 1.181689 0.532811 0.331010 0.204708 0.079543 
2.428681 1.860868 1.623473 1.403566 0.841464 1.129587 0.953615 0.738880 0.564550 0.388331 0.199508 0.079818 
2.514138 1.954774 1.724088 1.533374 1.355441 1.154636 0.956539 0.759470 0.566931 0.395475 0.223211 0.080483 
2.281920 1.599259 1.219572 0.813149 0.369011 0.690051 1.125686 1.024090 0.294985 -0.037585 -0.039491 0.106936 
2.189510 1.499847 1.170809 0.517851 0.105904 0.881733 1.620346 1.240935 0.891258 0.434459 0.149269 0.045640 
2.299864 1.517172 1.143489 1.130053 1.288717 1.483977 1.275221 0.993981 0.723833 0.227285 0.004002 0.082980 
2.128040 1.445810 0.945901 0.944833 1.075986 1.320850 2.016973 1.209746 0.508163 0.143014 0.103008 0.073023 
2.432489 1.841438 1.615930 1.488986 1.336874 1.138023 0.925658 0.748813 0.490727 0.047862 0.156707 0.084969 
1.779364 1.389256 1.460684 1.967571 1.663495 0.559998 0.804015 1.044455 1.236496 -0.157147 0.242905 0.093486 
2.407891 1.746870 1.486313 1.463706 1.436044 1.613004 0.908261 0.696463 0.505458 0.366118 0.224128 0.083108 
2.193781 1.386680 0.982716 0.955160 1.337225 1.934013 1.349701 0.809985 0.490189 0.376906 0.190160 0.081863 
2.348349 1.683223 1.465562 1.407614 1.892643 1.168494 0.947412 0.779179 0.542767 0.350338 0.203759 0.081425 
2.256798 1.451338 1.415898 2.131355 1.655936 1.197803 0.939831 0.763407 0.540905 0.375419 0.218000 0.081395 
2.042851 1.126352 0.997877 1.641159 2.300075 1.604499 0.840397 0.573236 0.140770 0.387292 0.335135 0.091336 
2.088181 1.268445 1.081001 1.731749 2.273545 1.417031 0.596668 0.382359 0.696527 0.395780 0.245928 0.072843 
2.037511 1.285122 0.864881 1.194445 1.828609 1.614063 1.347697 0.710841 0.381475 -0.113112 0.164621 0.117522 
1.909222 1.130778 1.051491 1.249406 1.823620 1.721997 1.424352 0.670536 -0.244856 0.222742 0.321342 0.107247 
1.929821 1.100359 0.837145 1.278377 2.087322 2.283845 0.984270 0.364410 0.078184 0.277476 0.350559 0.114094 
1.729370 0.923751 0.490914 1.236885 2.904679 2.182800 0.829162 0.175319 0.368605 0.543108 0.249493 0.099015 
