1.02563  0  0  0  0  

0.848378  0.151622  0  0  0  
0  0.844014  0.155986  0  0  
0  0  0.85314  0.14686  0  
0  0  0  0.899328  0.100672  
0  0  0  0  1  


3.28751e-018  0.00395315  9.48703e-031  0.0354072  0.0459099  1.02561e-030  1.64107e-017  1.02561e-030  0.0908822  9.74109e-031  0.0455124  0.0199471  0.0550043  0.0451226  0.037466  0.514066  1.1097e-030  1.02563e-030  3.18608e-007  3.94815e-024  0.0337419  1.02561e-030  0.0309074  5.77789e-007  0.0134107  0.00302869  4.60868e-012  9.23703e-031  5.98482e-006  0.0256341  4.67104e-015  1.02559e-030  

2.0249e-010  0.0661177  1.36268e-024  0.067407  0.0486417  1.02561e-030  3.74389e-010  1.02561e-030  0.0213585  8.71578e-031  0.0504863  0.0503456  0.0529888  0.0264186  0.0577551  0.378304  3.30291e-017  1.02563e-030  0.0341231  3.32695e-014  0.057726  9.99984e-031  0.0220124  0.00739221  0.0376051  0.000556458  0.000218514  9.23688e-031  0.0116583  0.00888469  9.27569e-010  1.02559e-030  

2.99999e-008  0.0308059  7.7278e-016  0.0189676  0.0274776  9.99984e-031  0.00185491  6.53893e-029  0.0858683  3.78508e-024  0.070631  0.0318432  0.0603148  0.0294689  0.0244752  0.301735  3.78039e-009  1.02563e-030  0.00392169  3.56396e-009  0.185589  5.3335e-029  0.0385403  0.0155713  0.00857213  0.0147533  0.0083538  6.23e-026  0.0405239  0.000732323  1.39538e-007  1.02559e-030  

0.0166198  0.0767371  7.77802e-006  0.032756  0.0665818  3.48067e-005  0.00231238  1.51479e-019  0.0653316  4.71138e-016  0.0697944  0.0437901  0.0697692  0.0622874  0.071721  0.190709  0.00451538  2.2704e-005  0.00398957  0.00211917  0.0877578  5.61584e-021  0.0251067  0.0285227  0.0388251  0.0142097  2.3817e-010  7.17944e-018  0.0261523  0.000325274  1.06448e-006  1.02559e-030  

0.000357671  0.00320484  0.00337087  0.0261244  0.0188686  0.00139872  0.0166324  0.000613323  0.0288338  0.0383583  0.0381142  0.0551538  0.0248022  0.0414095  0.0209967  0.241991  0.000339956  0.00126792  0.0248041  0.019123  0.0147211  0.00113929  0.0672247  0.0482272  0.0578872  0.0296466  0.0127036  0.00590672  0.0309975  0.1065  0.0177282  0.00155324  



p_star  2.74941e-110 