1.02563  0  0  0  0  

0.642759  0.357241  0  0  0  
0  0.695157  0.304843  0  0  
0  0  0.817394  0.182606  0  
0  0  0  0.905569  0.0944309  
0  0  0  0  1  


0.0474355  0.00262196  0.000125675  0.0163813  0.0253514  1.02414e-030  1.02291e-030  5.48082e-010  0.0085466  0.0220337  0.0346791  0.0342022  5.11638e-005  0.0243491  0.0945473  0.167711  0.143041  0.129165  0.007406  0.0318343  0.00950826  1.02561e-030  0.0227535  0.0256302  0.0709896  2.12191e-020  1.00053e-030  1.02559e-030  0.0215294  0.0487494  0.0113572  1.02563e-030  

0.0139066  0.113477  0.00569332  0.00975444  0.0231101  1.2145e-029  1.01237e-030  0.00313873  0.000319451  0.0108775  0.045666  0.0819128  0.0345728  0.0495525  0.107395  0.136406  0.139049  0.000873423  0.0478996  0.00374402  0.098363  1.02561e-030  0.0158234  7.26402e-008  0.019088  4.38783e-006  1.00052e-030  9.99969e-031  0.0268234  0.012528  2.15725e-005  1.02563e-030  

0.00451538  0.0199761  0.000398957  0.0486012  0.0580621  1.23858e-021  6.71081e-023  0.00108338  0.0430597  6.34102e-009  0.0500408  0.0826279  0.0271903  0.0423046  0.0546978  0.152778  0.13655  0.0315721  0.078852  0.0118689  0.0864016  1.02561e-030  0.0319377  6.00501e-005  0.0310883  0.00407654  9.74891e-031  9.99953e-031  0.00225652  1.56192e-008  3.74823e-009  1.02563e-030  

5.02541e-007  0.0125108  5.91178e-008  0.0530244  0.0347741  1.69373e-009  5.21386e-015  2.95558e-007  0.0385481  0.0045563  0.0483732  0.101395  0.0271047  0.0443284  0.05642  0.250605  7.69077e-005  0.00698283  0.0743767  0.0178156  0.0402732  1.02561e-030  0.0975652  0.0567646  0.0101597  0.00745942  9.08378e-031  8.08217e-020  0.0160696  5.98544e-011  0.000816013  1.02563e-030  

1.06243e-013  0.00397831  1.49387e-021  0.0170754  0.031627  0.0385995  0.0292863  0.0927744  0.0226797  0.00800167  0.0485485  0.041721  0.029271  0.0554506  0.0184316  0.417198  1.74247e-007  5.44507e-006  0.00385126  0.00133219  0.0197445  0.00110739  0.0318592  0.00235508  0.0539329  0.0131227  0.0104317  0.00262355  0.00267806  0.00195  0.000363226  1.02563e-030  



p_star  2.45235e-093 