1.02563  0  0  0  0  

0.680918  0.319082  0  0  0  
0  0.768991  0.231009  0  0  
0  0  0.795315  0.204685  0  
0  0  0  0.911301  0.088699  
0  0  0  0  1  


1.02563e-030  0.00540248  2.34232e-024  0.00521468  0.00805562  5.95044e-010  0.00417352  0.00288163  0.0402758  4.29113e-009  0.0476708  0.0503961  0.00614233  0.00842336  0.0106745  0.331997  1.02563e-030  1.61304e-012  0.0319169  0.187074  0.0943788  1.02563e-030  0.0429137  0.0192749  0.00397293  1.18221e-009  4.69354e-006  2.30821e-008  0.0905343  0.00861561  6.28858e-006  9.58158e-008  

1.00063e-030  0.0144779  3.6136e-013  0.00789269  0.00509649  0.0011979  0.000692229  0.00680804  0.00764676  2.55255e-005  0.0366146  0.0762417  0.0148593  0.0539846  0.0183686  0.0563801  1.02563e-030  2.29131e-009  0.0189697  0.223196  0.0908964  1.02563e-030  0.0399943  0.0106666  0.0656425  9.23421e-007  0.0345131  4.44345e-006  0.163524  0.0171711  0.0351303  4.5408e-006  

1.00063e-030  0.00786668  1.70577e-008  0.0231243  0.00980175  0.00352971  4.32377e-010  9.74984e-031  0.0252499  0.0386817  0.000556854  0.048457  0.0228739  0.0134407  0.00530373  0.00285219  1.02563e-030  0.00310609  0.187058  0.0271715  0.0467177  1.02563e-030  0.110587  0.0241495  0.0700646  0.0151731  0.0484381  0.0423778  0.194921  8.91762e-006  0.0156676  0.012821  

0.00108792  0.00111394  0.00111028  0.0531903  0.00739183  1.8458e-007  0.000827259  1.00063e-030  0.0096493  0.0372559  0.024688  0.0302022  0.0225113  0.0498448  0.00299932  0.182342  1.02563e-030  0.00035913  0.14149  0.0079595  0.0105525  1.02563e-030  0.0519427  0.0638085  0.0909156  0.0142505  0.00522033  0.145365  0.00559515  0.000164216  0.00160962  0.0365522  

1.02498e-030  0.00113535  5.71748e-008  0.0139235  0.013107  0.000395053  0.000641622  1.02563e-030  0.0241831  0.0503435  0.0397544  0.0231661  0.0306843  0.0266128  0.0140042  0.417738  1.02563e-030  0.00118549  0.0011397  0.00188646  0.00853229  1.02563e-030  0.0659011  0.00373242  0.0492001  0.0645022  0.071264  0.0297367  0.00327896  0.0108866  0.0284335  0.00463159  



p_star  1.55415e-088 