1.02563  0  0  0  0  

0.715736  0.284264  0  0  0  
0  0.787209  0.212791  0  0  
0  0  0.791349  0.208651  0  
0  0  0  0.879738  0.120262  
0  0  0  0  1  


1.02558e-030  1.02539e-030  9.99156e-031  0.0106072  0.0136696  0.260121  0.0110141  0.0421787  0.0115585  0.00781949  0.0310444  0.0224449  0.0137518  0.0354867  4.17312e-007  0.154698  0.00664743  0.00641016  0.010979  0.0386613  0.054642  0.00981947  0.0135182  0.0187467  0.0364418  0.149996  0.0052475  0.0335198  1.71155e-014  0.000973293  1.6024e-006  3.98335e-011  

1.02495e-030  1.02477e-030  1.51743e-029  0.00904604  0.0489733  0.0746183  0.0152949  0.00719549  0.0179024  0.0596081  0.0499499  0.0333385  1.15474e-006  0.0343773  0.00436849  0.246078  1.02563e-030  1.02559e-030  9.74985e-031  0.00456407  0.0042391  2.53099e-006  0.0290271  0.00656609  0.0209724  0.171392  0.0074372  0.0071698  0.0124313  0.13382  0.00162734  2.74769e-007  

9.73703e-031  6.93517e-030  1.15439e-020  0.00876165  0.0210082  0.000157609  8.3713e-006  1.98517e-005  0.00629163  0.061555  0.0245321  0.00635204  0.0201584  0.0197353  0.00797946  0.127418  1.02563e-030  1.02559e-030  1.02563e-030  0.00330272  0.0148832  1.82249e-006  0.0210847  0.0484816  0.0134409  0.23103  0.107737  0.00807816  0.00869468  0.0471539  0.192118  1.53663e-005  

1.2562e-030  1.21094e-017  4.24112e-011  0.0494503  0.0192492  0.000881838  3.9496e-006  1.42351e-006  0.00495483  0.0957472  0.033118  0.0210723  0.0327126  0.00631123  0.00527549  0.0695932  1.02563e-030  1.02559e-030  0.000945942  1.31789e-007  0.00387873  9.15839e-008  0.0683015  0.031534  0.141234  0.0715157  0.0511816  0.0476342  0.00692539  0.0206848  0.0768976  0.140895  

0.0108451  0.0514518  0.105359  0.0304299  0.0523488  0.000673139  0.00150599  0.000382555  0.0923783  0.00598823  0.0483636  0.0301679  0.0736414  0.0339938  0.0719165  0.277271  0.000936671  0.00259572  1.0637e-006  6.5666e-017  0.0339427  4.7615e-012  0.0300867  0.00045315  0.0201654  0.00749166  0.00189112  0.0153617  1.31871e-006  2.17479e-006  0.000347775  5.61307e-006  



p_star  1.683e-082 