1.02563  0  0  0  0  

0.601363  0.398637  0  0  0  
0  0.52868  0.47132  0  0  
0  0  0.560469  0.439531  0  
0  0  0  0.739293  0.260707  
0  0  0  0  1  


1.02563e-030  3.10787e-006  1.02563e-030  0.100061  0.0646181  1.02561e-030  1.02563e-030  9.99984e-031  0.00799685  0.00442  0.0396926  9.1675e-006  0.0241815  0.0141799  0.00142887  0.36475  5.25084e-013  1.02563e-030  7.46161e-008  3.46112e-010  0.00204994  0.323358  0.000242715  1.6486e-010  0.0481424  4.5816e-005  1.02563e-030  0.00481906  8.54143e-008  1.02563e-030  2.97138e-014  1.77149e-014  

1.02563e-030  0.0031649  1.02563e-030  0.0917803  0.0253777  9.99984e-031  1.02563e-030  0.0178822  0.000127322  0.0128399  7.3255e-005  0.0535053  0.025701  0.00930581  3.12252e-005  0.462073  5.07284e-008  1.02563e-030  4.00475e-005  0.000116539  0.0437841  0.049604  0.00895274  5.43472e-007  0.121109  0.032426  1.02563e-030  0.041639  0.000466233  1.025e-030  6.08888e-009  4.48819e-010  

1.02563e-030  0.0114315  1.02563e-030  0.0837389  0.0185969  0.00934634  1.02563e-030  0.00902715  0.0103526  0.04329  0.047365  0.0626004  5.32259e-005  0.0641057  0.00668355  0.246155  0.00055905  1.02563e-030  0.0140599  0.0234444  0.019366  2.30689e-005  0.0162555  0.0013262  0.029569  0.0247682  1.02563e-030  0.0488108  0.197496  8.57683e-027  0.0115753  8.27466e-007  

1.02563e-030  0.00524018  1.02563e-030  0.0424237  0.0449133  1.025e-030  1.02563e-030  5.14106e-022  0.0670144  0.00366713  0.0427442  0.0937653  0.0113413  0.0482907  0.0345602  0.200594  0.00234134  1.02563e-030  0.0473736  0.0179662  0.030692  1.95643e-006  0.0923478  0.154515  0.0242701  0.0172611  1.02563e-030  9.90658e-005  5.68068e-005  0.0143725  0.000629252  0.00351928  

1.02563e-030  0.00907905  1.02563e-030  0.0196229  0.0505838  1.02561e-030  1.02563e-030  1.02561e-030  0.0582889  9.62145e-008  0.0320295  0.0230653  0.034323  0.023192  0.0360379  0.645841  1.47448e-009  1.02563e-030  6.12648e-007  4.91652e-008  0.0287401  4.60673e-010  0.0201302  0.000853173  0.014302  0.0039101  1.02563e-030  8.04714e-010  1.72607e-007  1.00061e-030  1.52757e-011  3.14581e-008  



p_star  3.97677e-041 