1.0525  0  0  0  0  

0.679425  0.320575  0  0  0  
0  0.79275  0.20725  0  0  
0  0  0.862099  0.137901  0  
0  0  0  0.903353  0.0966474  
0  0  0  0  1  


1.69843e-005  3.21872e-019  0.0215813  0.0253824  0.0364271  1.0525e-030  1e-030  1.0525e-030  0.0565069  0.100376  0.00200428  0.091665  4.68812e-007  0.0258997  0.101178  0.0533158  1.476e-006  0.0277913  0.166462  0.052648  1.41287e-006  1.0525e-030  0.0597638  0.136191  0.00594859  4.74409e-011  1.92888e-030  0.0368375  7.5428e-027  9.249e-025  1.37278e-023  7.46448e-025  

0.0161562  3.05662e-010  0.0239085  0.0190381  0.051644  1.0525e-030  9.4725e-031  1.0525e-030  0.00806175  0.0167931  0.0841915  0.104909  0.0352343  0.156973  0.0839882  0.052278  0.0161615  0.106083  0.0273845  0.0251616  0.00213573  1.0525e-030  0.0156124  0.14342  0.0108638  9.87071e-007  3.71607e-017  5.79985e-009  1.85496e-014  5.7869e-013  1.06624e-014  9.77298e-014  

0.00308598  0.00416752  0.0207583  0.0784946  0.0484595  1.0525e-030  0.0031012  1.0525e-030  0.0552926  0.00228592  0.0192684  0.0453913  0.0946768  0.0665376  0.0397731  0.123947  1.6893e-005  0.105955  0.158231  0.0115354  0.0360892  1.0525e-030  0.0577703  0.000224609  0.0213554  0.00358224  1.61727e-010  4.51085e-013  4.91535e-009  2.72387e-008  9.56368e-011  1.11531e-008  

7.44434e-006  0.00204577  0.00188794  0.0982749  0.00515487  1.0525e-030  0.0229317  1.0525e-030  0.0425618  0.0439735  0.0486688  0.0376617  0.0233766  0.0110231  0.00935655  0.031173  1.19847e-008  7.4124e-005  0.0904896  0.00704612  0.0196312  1.0525e-030  0.136792  0.223233  0.12623  0.00531972  4.67321e-007  8.90251e-009  0.009734  0.00334649  1.82083e-007  4.869e-006  

0.00119195  0.00368426  0.0103212  0.0191582  0.0150953  1.0525e-030  1.00091e-030  1.0525e-030  0.0412297  0.0956209  0.0422187  0.0424417  0.0354589  0.0172365  0.0158355  0.178313  9.09313e-021  0.00533727  0.00302913  4.89664e-006  0.0103493  1.0525e-030  0.101026  0.0168594  0.0698559  0.090712  0.035464  0.113422  0.0067792  0.00374833  0.00714215  0.0184652  



p_star  4.04552e-112 