1.0525  0  0  0  0  

0.658334  0.341666  0  0  0  
0  0.767147  0.232853  0  0  
0  0  0.865936  0.134064  0  
0  0  0  0.844223  0.155777  
0  0  0  0  1  


3.63322e-005  0.0599029  9.9975e-031  0.0210804  0.0884116  1.05225e-030  1.05188e-030  1.0525e-030  0.026769  9.96625e-031  0.0414444  0.0356601  0.0129479  0.0126033  0.000955907  0.476948  7.96335e-009  1.0525e-030  1.0503e-030  1.0525e-030  0.160905  1.05238e-030  0.0526699  1.05238e-030  6.52471e-012  0.00966475  1.05213e-030  9.9975e-031  9.99885e-031  1.05238e-030  1.05238e-030  1.0525e-030  

0.0780574  0.136754  9.87142e-024  0.0178911  0.0688241  1.49355e-030  9.44386e-031  1.0525e-030  0.0459545  8.94125e-031  0.0627748  0.0271334  0.0863346  0.0348067  0.0479533  0.237909  5.91368e-006  1.0525e-030  2.04729e-023  1.0525e-030  0.0801533  1.05238e-030  0.0448698  1.05238e-030  0.0267041  0.0038741  1.05213e-030  9.48921e-031  4.07813e-028  1.05238e-030  1.05238e-030  1.0525e-030  

0.0947777  0.257777  1.64998e-017  0.0129567  0.0312527  1.63699e-020  5.84419e-026  1.0525e-030  0.116477  1.87196e-030  0.0506575  0.0343368  0.0449828  0.0146042  0.0555674  0.124816  0.0266709  1.0525e-030  3.9143e-015  1.0525e-030  0.114074  1.05238e-030  0.0136285  1.05238e-030  0.00716812  0.000252697  5.2676e-030  4.78872e-022  2.05859e-022  1.05238e-030  1.05238e-030  1.0525e-030  

0.211021  0.0675158  0.00584488  0.000973305  0.0632389  2.77597e-013  1.21234e-016  1.0525e-030  0.0808945  2.95221e-021  0.0554374  0.01709  0.147747  0.0122165  0.070027  0.0459063  7.1273e-006  1.0525e-030  1.24889e-009  1.0525e-030  0.212393  1.05006e-030  0.00554122  1.04988e-030  0.00412711  1.93652e-005  8.42081e-024  2.18677e-015  3.53649e-014  1.05238e-030  1.05238e-030  1.0525e-030  

0.000752862  0.00557886  0.00552627  0.0379468  0.0426614  0.00816435  0.0168694  1.0525e-030  0.065486  0.025299  0.0422781  0.0519424  0.0494491  0.0330365  0.0400486  0.370283  1.41557e-015  0.000809615  0.00570664  1.0525e-030  0.0260868  0.000774051  0.0553776  0.00205589  0.0617197  0.0314896  0.00603628  0.0123166  0.000756956  0.000774051  0.000774051  1.0525e-030  



p_star  6.32824e-084 