1.0525  0  0  0  0  

0.722041  0.277959  0  0  0  
0  0.755597  0.244403  0  0  
0  0  0.61043  0.38957  0  
0  0  0  0.677215  0.322785  
0  0  0  0  1  


0.0051295  1.10698e-030  0.00679624  0.198238  0.016578  1.0525e-030  1.0525e-030  1.0525e-030  0.165851  0.0376993  8.37585e-012  1.26413e-010  0.03215  3.2634e-016  0.00341418  0.176372  1.0525e-030  1.05238e-030  2.91372e-022  1.05238e-030  9.21125e-014  0.158903  6.7269e-010  1.0525e-030  0.00751842  0.00877032  9.9975e-031  0.167647  1.09081e-016  2.17512e-015  1.0525e-030  0.0149329  

2.54502e-005  3.89589e-018  5.08538e-005  0.0629733  0.00961441  1.0525e-030  1.0525e-030  1.0525e-030  0.0386003  0.0341508  7.11115e-008  4.11661e-007  0.000355491  8.32502e-009  6.75076e-006  0.196893  1.0525e-030  1.05238e-030  3.68337e-012  1.05238e-030  8.63308e-008  0.0139813  1.59066e-006  1.00225e-030  0.0157862  3.34074e-005  0.0188235  0.608672  7.52276e-011  3.16267e-009  1.0525e-030  3.09709e-005  

4.49102e-007  1.17187e-010  2.71572e-005  0.0429678  0.0787827  1.0525e-030  1.0525e-030  1.0525e-030  0.119274  0.00065732  7.85798e-006  0.0791667  0.0834639  0.0754365  0.014697  0.191486  1.0525e-030  9.99875e-031  9.4278e-008  1.05238e-030  9.90598e-005  0.000178181  0.0139501  0.00751879  0.0121889  0.00710988  1.00008e-030  0.170362  0.0435918  2.29915e-006  1.0525e-030  0.0590326  

4.91279e-011  7.3054e-007  0.0150255  0.100299  0.0570429  1.0525e-030  1.0525e-030  1.0525e-030  0.068366  0.019044  0.0200259  0.0986293  0.0352004  0.0503514  0.0162551  0.238312  1.0525e-030  7.03763e-027  0.0112038  1.05238e-030  0.00860197  7.24133e-005  0.0812642  0.0614343  0.0988154  0.00224996  9.47375e-031  0.00259732  0.00588806  0.00908419  1.0525e-030  0.000235614  

0.00228727  0.00508707  0.00118065  0.0322431  0.0371138  1.0525e-030  1.0525e-030  1.0525e-030  0.0381894  4.87388e-006  0.0321855  0.0385256  0.0472761  0.0225574  0.0338797  0.634742  1.0525e-030  0.00177097  0.000593375  0.000590324  0.0197868  9.00399e-007  0.022744  8.9725e-031  0.0145478  0.00859721  0.000553313  0.0055418  1.07073e-006  1.65469e-007  1.0525e-030  1.21912e-009  



p_star  6.20548e-033 