1.0525  0  0  0  0  

0.746447  0.253553  0  0  0  
0  0.724714  0.275286  0  0  
0  0  0.857512  0.142488  0  
0  0  0  0.940324  0.0596759  
0  0  0  0  1  


5.63704e-005  0.0287576  0.0101501  0.0633842  0.0310359  1.05225e-030  1.00225e-030  9.4725e-031  0.0377447  1.2432e-030  0.0188098  0.0244207  0.110882  0.101866  0.110999  0.102602  5.99159e-007  0.0720425  0.0465635  0.00764343  0.0383992  6.82754e-028  0.0497409  0.0356415  0.0849268  0.0138823  1.00182e-030  0.0104508  1.05238e-030  1.0525e-030  1.45799e-020  1.0495e-030  

0.0216499  0.0023959  0.0660552  0.206746  0.0883751  1.05225e-030  0.00593774  0.0115269  0.0234381  1.71564e-019  0.0180459  0.0898174  0.0428947  0.0786511  0.0997397  0.0966251  0.00108497  0.0245799  0.0727751  8.42291e-006  0.0199096  3.48795e-015  0.0164489  5.85136e-006  0.013203  8.45244e-005  1.42857e-021  6.59716e-007  6.84051e-030  1.0525e-030  7.28223e-013  2.71063e-026  

0.0136148  0.000409289  0.0287097  0.0288033  0.0197107  1.05225e-030  0.00126245  1.30484e-005  0.0071956  1.56507e-014  0.0268153  0.0315183  0.0463478  0.0747275  0.0723504  0.136745  0.00737833  0.342692  0.0634525  0.0345185  0.000343837  5.89705e-010  0.0373967  0.00793585  0.0180576  1.41537e-006  9.23241e-016  1.24512e-008  9.92153e-017  1.0525e-030  9.54019e-010  3.69024e-018  

0.000484551  0.00205305  5.39019e-005  0.138127  0.00321854  3.73743e-026  9.99875e-031  1.52977e-015  0.00829049  0.0166478  0.00671229  0.0446969  0.0336704  0.0486806  0.00241583  0.144482  9.3302e-006  0.0276602  0.183184  0.00323594  0.00130088  5.89968e-007  0.108789  0.149992  0.0544349  0.0109427  0.00233332  0.000307732  0.00550609  1.0525e-030  0.00276967  1.1582e-010  

5.90227e-006  0.00105048  0.00135757  0.079329  0.0825536  0.0358676  0.0176827  0.00261594  0.0598493  0.0117894  0.0205675  0.0364566  0.0168849  0.00437182  0.00460589  0.237446  0.00132686  0.0284482  0.0303936  3.02149e-006  0.00450574  0.0215802  0.0142036  0.00474156  0.0731637  0.0677384  0.0148534  0.119957  9.24106e-005  1.0525e-030  1.56465e-006  0.00655624  



p_star  5.74091e-089 