1.0525  0  0  0  0  

0.722247  0.277753  0  0  0  
0  0.817411  0.182589  0  0  
0  0  0.882591  0.117409  0  
0  0  0  0.883522  0.116478  
0  0  0  0  1  


1.052e-030  1.58647e-029  0.00196057  0.158235  8.15865e-025  1.0525e-030  1.0525e-030  1.0525e-030  0.0747871  0.12133  0.00784362  0.0289766  0.00561812  0.0110637  0.0297948  0.19639  1.05238e-030  1.05238e-030  0.059325  1.0525e-030  0.0263148  0.00437224  0.0248129  0.0822219  0.0619108  0.0141511  0.000156963  0.0332602  1.75407e-016  1.70526e-022  0.0471288  0.0103457  

1.00017e-030  1.57858e-017  1.68312e-005  0.0169059  6.90013e-015  1.0525e-030  1.0525e-030  1.0525e-030  0.0294267  0.0286976  0.0116793  0.00883  0.0705779  0.03213  0.00910275  0.305114  1.04988e-030  1.05238e-030  0.013616  1.0525e-030  0.0171951  8.7746e-022  0.188987  0.0082167  0.0997962  5.46211e-006  0.0265826  0.0304502  6.67066e-009  7.35593e-012  0.0253218  0.0773478  

4.54415e-020  8.9457e-013  4.08484e-006  0.0203426  1.95413e-011  1.0525e-030  1.0525e-030  1.0525e-030  0.0234871  0.0238544  0.0277575  0.0162144  0.0227925  0.00329974  2.25692e-005  0.27456  9.99875e-031  1.05238e-030  0.000127398  1.0525e-030  2.65585e-005  3.05372e-011  0.0256941  8.77633e-005  0.101788  0.0331605  0.103812  0.243931  8.41906e-006  7.06892e-006  0.00383697  0.075186  

1.80506e-012  0.0106485  1.02671e-007  0.015278  0.000265373  1.0525e-030  1.0525e-030  1.0525e-030  0.0192154  0.0808973  0.0136721  0.0705065  0.0273881  0.0181141  9.98852e-006  0.201541  9.99875e-031  1.06938e-030  0.0218925  1.0525e-030  0.0239887  0.00646775  0.0721476  0.0565374  0.161707  0.0741206  0.0317016  0.027127  0.0274891  0.00980866  0.0289489  0.000527057  

0.0153078  0.0535317  0.0253466  0.0638083  0.0948826  1.0525e-030  1.0525e-030  1.0525e-030  0.114543  0.00355478  0.0518189  0.0351497  0.067828  0.0720637  0.0896538  0.192482  0.00134779  0.00156909  0.000467048  1.0525e-030  0.0487291  0.00139711  0.0241278  0.000103321  0.0249684  0.017283  1.22191e-005  9.16401e-006  5.20997e-006  6.7328e-006  2.97756e-006  3.30727e-008  



p_star  9.0245e-062 